79 227
79 229
80 226
80 227
80 228
80 229
80 230
81 225
81 226
81 230
82 223
82 224
82 225
82 230
82 251
82 252
82 253
82 254
82 255
82 256
82 257
82 258
82 259
82 260
83 222
83 223
83 229
83 247
83 248
83 249
83 250
83 261
83 262
83 263
83 264
83 265
83 266
84 221
84 222
84 228
84 229
84 243
84 244
84 245
84 246
84 267
84 268
84 269
85 220
85 221
85 227
85 228
85 240
85 241
85 242
85 269
85 270
85 271
86 219
86 220
86 225
86 226
86 227
86 238
86 239
86 240
86 253
86 254
86 255
86 256
86 257
86 272
86 273
86 274
87 218
87 219
87 224
87 225
87 236
87 237
87 238
87 248
87 249
87 250
87 251
87 252
87 258
87 259
87 260
87 261
87 262
87 263
87 264
87 274
87 275
87 276
88 218
88 223
88 224
88 234
88 235
88 244
88 245
88 246
88 247
88 265
88 266
88 267
88 268
88 276
88 277
88 278
89 217
89 218
89 222
89 223
89 233
89 234
89 242
89 243
89 244
89 269
89 270
89 271
89 278
89 279
89 280
90 217
90 222
90 231
90 232
90 233
90 239
90 240
90 241
90 272
90 273
90 274
90 280
90 281
91 216
91 217
91 221
91 230
91 231
91 237
91 238
91 239
91 274
91 275
91 281
91 282
92 215
92 216
92 221
92 228
92 229
92 230
92 235
92 236
92 237
92 275
92 276
92 277
92 282
92 283
93 215
93 220
93 227
93 228
93 234
93 235
93 277
93 278
93 279
93 284
93 285
94 214
94 215
94 219
94 220
94 226
94 227
94 232
94 233
94 234
94 279
94 280
94 285
94 286
95 214
95 219
95 225
95 226
95 231
95 232
95 280
95 281
95 286
95 287
96 213
96 214
96 218
96 219
96 224
96 230
96 231
96 281
96 282
96 287
96 288
97 213
97 218
97 223
97 229
97 230
97 282
97 283
97 284
97 288
97 289
98 212
98 213
98 217
98 218
98 222
98 223
98 228
98 229
98 284
98 285
98 289
98 290
99 212
99 217
99 226
99 227
99 228
99 285
99 286
99 290
99 291
100 211
100 216
100 217
100 221
100 225
100 226
100 286
100 287
100 291
100 292
101 210
101 211
101 216
101 221
101 222
101 223
101 224
101 225
101 287
101 292
102 210
102 215
102 222
102 225
102 287
102 288
102 292
102 293
103 210
103 215
103 288
103 289
103 293
104 209
104 214
104 215
104 289
104 293
104 294
105 208
105 209
105 214
105 290
105 294
106 208
106 213
106 290
106 295
107 207
107 208
107 213
107 290
107 291
107 295
108 207
108 213
108 291
108 295
109 207
109 212
109 291
109 296
110 207
110 212
110 292
110 296
111 206
111 211
111 292
111 296
112 206
112 211
112 292
112 297
113 206
113 211
113 293
113 297
114 206
114 210
114 293
114 297
115 205
115 210
115 293
115 297
116 205
116 210
116 293
116 297
117 205
117 210
117 293
117 298
118 205
118 210
118 293
118 298
119 204
119 209
119 293
119 298
120 204
120 209
120 293
120 298
121 204
121 209
121 293
121 298
122 204
122 209
122 294
122 298
123 204
123 208
123 294
123 298
124 204
124 208
124 293
124 298
125 203
125 208
125 293
125 298
126 203
126 208
126 293
126 298
127 203
127 208
127 293
127 298
128 203
128 208
128 293
128 298
129 203
129 208
129 293
129 298
130 203
130 208
130 293
130 298
131 203
131 208
131 292
131 298
132 203
132 207
132 292
132 298
133 203
133 207
133 292
133 298
134 203
134 207
134 292
134 297
135 203
135 207
135 291
135 297
136 203
136 207
136 291
136 297
137 203
137 207
137 291
137 297
138 203
138 208
138 290
138 297
139 203
139 208
139 290
139 296
140 203
140 208
140 290
140 296
141 203
141 208
141 289
141 296
142 203
142 208
142 289
142 295
143 204
143 208
143 289
143 295
144 204
144 208
144 288
144 294
144 295
145 204
145 208
145 287
145 288
145 294
146 204
146 208
146 287
146 293
147 204
147 209
147 286
147 287
147 293
148 204
148 209
148 286
148 292
148 293
149 204
149 209
149 285
149 286
149 292
149 349
149 350
149 351
149 352
149 353
150 205
150 209
150 284
150 285
150 291
150 292
150 349
150 353
150 354
151 205
151 209
151 284
151 291
151 349
151 354
151 355
152 205
152 210
152 283
152 284
152 290
152 291
152 349
152 350
152 355
152 356
153 205
153 210
153 282
153 283
153 290
153 350
153 351
153 357
154 206
154 210
154 281
154 282
154 289
154 351
154 352
154 353
155 206
155 211
155 281
155 288
155 289
155 353
155 354
155 355
155 356
156 206
156 211
156 280
156 281
156 287
156 288
157 206
157 207
157 211
157 212
157 279
157 280
157 286
157 287
157 370
158 207
158 212
158 278
158 279
158 285
158 286
158 370
158 371
158 372
159 208
159 212
159 213
159 277
159 278
159 284
159 285
159 373
160 208
160 213
160 276
160 277
160 284
160 374
160 375
160 376
161 208
161 209
161 213
161 214
161 275
161 276
161 283
161 284
161 369
161 370
161 376
161 377
161 378
161 379
162 209
162 214
162 274
162 275
162 282
162 283
162 370
162 371
162 379
162 380
163 209
163 210
163 214
163 215
163 273
163 274
163 281
163 282
163 371
163 372
163 373
163 381
163 382
164 210
164 215
164 216
164 271
164 272
164 279
164 280
164 281
164 373
164 374
164 375
164 383
164 384
165 210
165 211
165 216
165 217
165 270
165 271
165 279
165 375
165 376
165 377
165 378
165 385
165 386
165 387
166 211
166 212
166 217
166 268
166 269
166 270
166 277
166 278
166 279
166 378
166 379
166 380
166 387
166 388
166 389
166 390
167 212
167 213
167 217
167 218
167 266
167 267
167 268
167 276
167 277
167 380
167 381
167 390
167 391
167 392
168 213
168 214
168 218
168 219
168 265
168 266
168 275
168 276
168 381
168 382
168 383
168 393
168 394
168 395
169 214
169 215
169 220
169 221
169 263
169 264
169 265
169 273
169 274
169 275
169 383
169 384
169 385
169 396
169 397
169 398
170 215
170 216
170 221
170 222
170 261
170 262
170 263
170 271
170 272
170 273
170 386
170 387
170 388
170 399
170 400
170 401
171 216
171 217
171 222
171 223
171 224
171 259
171 260
171 261
171 270
171 271
171 389
171 390
171 391
171 392
171 402
171 403
171 404
172 217
172 218
172 224
172 225
172 226
172 256
172 257
172 258
172 259
172 267
172 268
172 269
172 270
172 392
172 393
172 394
172 404
172 405
172 406
172 407
173 218
173 219
173 220
173 226
173 227
173 228
173 229
173 252
173 253
173 254
173 255
173 256
173 266
173 267
173 394
173 395
173 396
173 407
173 408
173 409
173 410
173 411
174 220
174 221
174 230
174 231
174 232
174 233
174 234
174 235
174 245
174 246
174 247
174 248
174 249
174 250
174 251
174 264
174 265
174 397
174 398
174 399
174 400
174 401
174 412
174 413
174 414
175 221
175 222
175 223
175 236
175 237
175 238
175 239
175 240
175 241
175 242
175 243
175 244
175 262
175 263
175 401
175 402
175 403
175 415
175 416
175 417
176 223
176 224
176 225
176 259
176 260
176 261
176 404
176 405
176 406
176 418
176 419
176 420
177 226
177 227
177 228
177 254
177 255
177 256
177 257
177 258
177 407
177 408
177 409
177 410
177 411
177 421
177 422
177 423
178 229
178 230
178 231
178 232
178 233
178 247
178 248
178 249
178 250
178 251
178 252
178 253
178 411
178 412
178 413
178 424
178 425
178 426
179 234
179 235
179 236
179 237
179 238
179 239
179 240
179 241
179 242
179 243
179 244
179 245
179 246
179 414
179 415
179 426
179 427
179 428
179 429
179 430
180 416
180 417
180 418
180 419
180 431
180 432
180 433
180 434
181 420
181 421
181 422
181 435
181 436
181 437
182 423
182 424
182 425
182 438
182 439
183 426
183 427
183 428
183 429
183 440
183 441
183 442
183 443
184 430
184 431
184 432
184 444
184 445
184 446
185 433
185 434
185 435
185 436
185 447
185 448
185 449
185 450
186 436
186 437
186 438
186 451
186 452
186 453
187 439
187 440
187 441
187 442
187 454
187 455
187 456
187 457
188 443
188 444
188 445
188 458
188 459
188 460
189 446
189 447
189 448
189 461
189 462
189 463
190 449
190 450
190 451
190 452
190 464
190 465
190 466
190 467
190 468
191 453
191 454
191 455
191 469
191 470
192 456
192 457
192 458
192 459
192 471
192 472
192 473
192 474
193 460
193 461
193 462
193 474
193 475
193 476
193 477
194 289
194 290
194 463
194 464
194 465
194 466
194 478
194 479
194 480
194 481
195 290
195 291
195 467
195 468
195 469
195 482
195 483
195 484
195 485
196 291
196 469
196 470
196 471
196 472
196 486
196 487
196 488
197 291
197 292
197 473
197 474
197 475
197 476
197 489
197 490
197 491
198 287
198 288
198 290
198 292
198 293
198 477
198 478
198 479
198 492
198 493
198 494
198 495
198 496
199 289
199 293
199 480
199 481
199 482
199 483
199 497
199 498
199 499
199 500
200 289
200 293
200 294
200 484
200 485
200 486
200 501
200 502
201 289
201 294
201 487
201 488
201 489
201 490
201 503
201 504
201 505
201 506
202 290
202 294
202 491
202 492
202 493
202 507
202 508
202 509
202 510
203 290
203 294
203 494
203 495
203 496
203 497
203 511
203 512
203 513
204 224
204 226
204 227
204 290
204 294
204 498
204 499
204 500
204 501
204 514
204 515
204 516
205 224
205 227
205 228
205 290
205 294
205 502
205 503
205 504
205 517
205 518
205 519
205 520
205 521
206 223
206 224
206 228
206 290
206 291
206 295
206 505
206 506
206 507
206 522
206 523
206 524
206 525
207 221
207 222
207 223
207 228
207 291
207 295
207 508
207 509
207 510
207 511
207 526
207 527
207 528
208 219
208 220
208 221
208 227
208 291
208 295
208 296
208 512
208 513
208 514
208 529
208 530
208 531
208 532
209 219
209 227
209 292
209 296
209 515
209 516
209 517
209 518
209 533
209 534
209 535
209 536
210 218
210 226
210 227
210 292
210 296
210 297
210 519
210 520
210 521
210 522
210 523
210 537
210 538
210 539
210 540
211 217
211 218
211 225
211 226
211 293
211 297
211 524
211 525
211 526
211 541
211 542
211 543
212 217
212 223
212 224
212 225
212 293
212 297
212 298
212 527
212 528
212 529
212 544
212 545
212 546
212 547
213 216
213 217
213 223
213 293
213 294
213 298
213 299
213 530
213 531
213 532
213 533
213 547
213 548
213 549
213 550
214 216
214 222
214 223
214 294
214 299
214 534
214 535
214 536
214 551
214 552
214 553
214 554
214 555
215 215
215 216
215 221
215 222
215 294
215 295
215 299
215 300
215 537
215 538
215 539
215 540
215 541
215 542
215 556
215 557
215 558
215 559
215 560
216 215
216 221
216 295
216 296
216 300
216 301
216 543
216 544
216 545
216 561
216 562
216 563
217 214
217 215
217 220
217 221
217 296
217 297
217 301
217 546
217 547
217 548
217 564
217 565
217 566
218 214
218 220
218 297
218 301
218 302
218 548
218 549
218 550
218 551
218 552
218 553
218 566
218 567
218 568
218 569
218 570
219 213
219 214
219 219
219 220
219 297
219 298
219 302
219 303
219 554
219 555
219 556
219 571
219 572
219 573
220 212
220 213
220 219
220 298
220 299
220 303
220 556
220 557
220 558
220 573
220 574
220 575
220 576
220 577
221 211
221 212
221 218
221 219
221 299
221 303
221 304
221 559
221 560
221 561
221 562
221 578
221 579
221 580
222 210
222 211
222 217
222 218
222 299
222 300
222 304
222 305
222 562
222 563
222 565
222 566
222 567
222 569
222 581
222 582
222 583
222 584
223 210
223 217
223 300
223 305
223 564
223 568
223 569
223 570
223 584
223 585
223 586
223 587
224 209
224 210
224 216
224 217
224 300
224 301
224 305
224 306
224 571
224 572
224 573
224 588
224 589
224 590
224 591
225 209
225 216
225 301
225 302
225 306
225 574
225 575
225 576
225 577
225 592
225 593
225 594
225 595
226 208
226 215
226 216
226 302
226 306
226 307
226 578
226 579
226 580
226 596
226 597
226 598
227 208
227 214
227 215
227 302
227 303
227 307
227 308
227 581
227 582
227 583
227 584
227 599
227 600
227 601
227 602
228 207
228 208
228 214
228 303
228 308
228 584
228 585
228 586
228 587
228 603
228 604
228 605
229 207
229 213
229 214
229 303
229 304
229 308
229 309
229 588
229 589
229 590
229 591
229 592
229 593
229 606
229 607
229 608
229 609
229 610
230 206
230 207
230 213
230 304
230 309
230 594
230 595
230 610
230 611
230 612
231 205
231 206
231 213
231 304
231 305
231 309
231 310
231 595
231 596
231 597
231 612
231 613
231 614
232 205
232 212
232 305
232 306
232 310
232 311
232 598
232 599
232 600
232 601
232 602
232 615
232 616
232 617
232 618
233 204
233 205
233 212
233 306
233 311
233 602
233 603
233 604
233 619
233 621
234 204
234 211
234 212
234 306
234 307
234 311
234 312
234 604
234 605
234 606
234 607
234 620
234 621
234 622
234 623
235 203
235 204
235 210
235 211
235 307
235 312
235 608
235 609
235 610
235 622
235 624
235 625
235 626
236 203
236 210
236 308
236 312
236 313
236 611
236 612
236 613
236 627
236 628
236 629
237 203
237 209
237 210
237 308
237 309
237 313
237 314
237 614
237 615
237 616
237 630
237 631
238 202
238 203
238 209
238 309
238 314
238 617
238 618
238 619
238 632
238 633
238 634
238 635
239 201
239 202
239 208
239 209
239 309
239 310
239 314
239 315
239 620
239 621
239 636
239 637
239 638
240 201
240 208
240 310
240 315
240 622
240 623
240 624
240 625
240 638
240 639
241 200
241 201
241 207
241 208
241 310
241 311
241 315
241 316
241 625
241 626
241 627
241 628
241 639
241 640
241 641
241 642
242 200
242 207
242 311
242 316
242 629
242 630
242 642
242 643
242 644
243 199
243 200
243 206
243 207
243 311
243 312
243 316
243 317
243 631
243 632
243 633
243 645
243 646
243 647
243 800
243 801
243 802
243 803
243 804
243 805
243 806
243 807
243 808
243 809
243 810
243 811
243 812
243 813
243 814
243 815
243 816
243 817
243 818
244 199
244 206
244 312
244 313
244 317
244 318
244 633
244 634
244 635
244 636
244 648
244 649
244 650
244 796
244 797
244 798
244 799
244 819
244 820
244 821
244 822
244 823
244 824
244 825
245 198
245 199
245 205
245 206
245 313
245 318
245 637
245 638
245 651
245 652
245 653
245 792
245 793
245 794
245 795
245 826
245 827
245 828
245 829
246 198
246 205
246 313
246 314
246 318
246 319
246 639
246 640
246 641
246 654
246 655
246 657
246 788
246 789
246 790
246 791
246 830
246 831
246 832
247 197
247 198
247 204
247 205
247 314
247 315
247 319
247 642
247 643
247 644
247 645
247 656
247 657
247 658
247 785
247 786
247 787
247 806
247 807
247 808
247 809
247 810
247 811
247 812
247 813
247 814
247 815
247 833
247 834
247 835
248 197
248 204
248 315
248 319
248 320
248 645
248 646
248 647
248 658
248 659
248 660
248 783
248 784
248 785
248 797
248 798
248 799
248 800
248 801
248 802
248 803
248 804
248 805
248 816
248 817
248 818
248 819
248 820
248 821
248 822
248 823
248 835
248 836
248 837
249 196
249 197
249 203
249 204
249 315
249 316
249 320
249 321
249 648
249 649
249 660
249 661
249 662
249 781
249 782
249 794
249 795
249 796
249 824
249 825
249 826
249 827
249 828
249 837
249 838
249 839
250 196
250 203
250 316
250 321
250 650
250 651
250 652
250 653
250 663
250 664
250 665
250 666
250 778
250 779
250 780
250 789
250 790
250 791
250 792
250 793
250 829
250 830
250 831
250 839
250 840
250 841
251 195
251 196
251 202
251 203
251 316
251 317
251 321
251 653
251 654
251 655
251 666
251 667
251 668
251 775
251 776
251 777
251 787
251 788
251 832
251 833
251 841
251 842
251 843
252 195
252 202
252 317
252 321
252 322
252 656
252 657
252 668
252 669
252 773
252 774
252 775
252 783
252 784
252 785
252 786
252 834
252 835
252 836
252 843
252 844
253 194
253 195
253 201
253 202
253 317
253 318
253 322
253 323
253 658
253 659
253 670
253 671
253 672
253 772
253 773
253 781
253 782
253 783
253 837
253 838
253 844
253 845
254 194
254 201
254 318
254 323
254 660
254 661
254 662
254 673
254 674
254 675
254 676
254 770
254 771
254 772
254 779
254 780
254 781
254 838
254 839
254 840
254 845
254 846
255 193
255 194
255 200
255 201
255 318
255 319
255 323
255 324
255 663
255 664
255 665
255 676
255 677
255 678
255 769
255 770
255 777
255 778
255 779
255 840
255 841
255 846
255 847
256 193
256 200
256 319
256 320
256 324
256 665
256 666
256 667
256 678
256 679
256 680
256 767
256 768
256 769
256 775
256 776
256 777
256 842
256 843
256 847
256 848
257 193
257 199
257 200
257 320
257 324
257 325
257 668
257 669
257 670
257 671
257 680
257 681
257 682
257 765
257 766
257 767
257 773
257 774
257 775
257 843
257 844
257 848
257 849
258 192
258 193
258 199
258 320
258 321
258 325
258 671
258 672
258 673
258 683
258 684
258 685
258 763
258 764
258 765
258 776
258 844
258 845
258 849
258 850
259 192
259 198
259 199
259 321
259 325
259 326
259 673
259 674
259 675
259 686
259 687
259 688
259 762
259 763
259 774
259 775
259 845
259 846
259 850
259 851
260 191
260 192
260 198
260 321
260 326
260 676
260 677
260 678
260 688
260 689
260 690
260 715
260 716
260 717
260 718
260 761
260 762
260 767
260 768
260 776
260 846
260 851
261 191
261 197
261 198
261 322
261 326
261 327
261 679
261 680
261 681
261 690
261 691
261 692
261 714
261 715
261 718
261 761
261 766
261 770
261 771
261 775
261 846
261 847
261 851
262 190
262 197
262 322
262 327
262 681
262 682
262 683
262 693
262 694
262 695
262 714
262 718
262 762
262 764
262 765
262 769
262 774
262 775
262 776
262 847
262 848
262 851
263 189
263 190
263 196
263 197
263 322
263 323
263 327
263 328
263 683
263 684
263 685
263 696
263 697
263 714
263 718
263 763
263 768
263 769
263 773
263 774
263 848
263 852
264 188
264 189
264 196
264 323
264 328
264 686
264 687
264 688
264 698
264 699
264 700
264 715
264 716
264 718
264 766
264 767
264 768
264 772
264 773
264 848
264 852
265 188
265 195
265 196
265 323
265 324
265 328
265 329
265 689
265 690
265 701
265 702
265 703
265 715
265 717
265 718
265 765
265 766
265 771
265 772
265 849
265 852
266 188
266 195
266 324
266 325
266 329
266 330
266 691
266 692
266 693
266 704
266 705
266 706
266 717
266 764
266 765
266 769
266 770
266 771
266 849
266 853
267 187
267 194
267 195
267 325
267 330
267 694
267 695
267 696
267 707
267 708
267 709
267 763
267 764
267 768
267 769
267 849
267 853
268 186
268 187
268 194
268 325
268 326
268 330
268 331
268 697
268 698
268 710
268 711
268 712
268 763
268 768
269 186
269 193
269 194
269 326
269 331
269 699
269 700
269 701
269 713
269 714
269 715
269 762
269 763
269 767
269 768
269 849
269 853
270 185
270 186
270 193
270 326
270 327
270 331
270 332
270 702
270 703
270 704
270 715
270 716
270 717
270 761
270 762
270 766
270 767
270 849
270 852
270 853
271 185
271 193
271 327
271 332
271 705
271 706
271 707
271 718
271 719
271 720
271 761
271 765
271 766
271 849
271 853
272 185
272 192
272 327
272 328
272 332
272 333
272 708
272 709
272 710
272 721
272 722
272 723
272 724
272 760
272 761
272 765
272 849
272 852
273 184
273 192
273 328
273 333
273 710
273 711
273 712
273 713
273 724
273 725
273 726
273 759
273 760
273 764
273 765
273 848
273 849
273 853
274 184
274 191
274 192
274 328
274 329
274 333
274 334
274 714
274 715
274 726
274 727
274 728
274 729
274 730
274 731
274 759
274 764
274 848
274 852
275 184
275 191
275 329
275 334
275 335
275 716
275 717
275 718
275 719
275 731
275 732
275 733
275 734
275 758
275 759
275 763
275 764
275 848
275 852
276 183
276 190
276 329
276 330
276 335
276 720
276 721
276 722
276 734
276 735
276 736
276 758
276 762
276 763
276 847
276 848
276 852
277 182
277 183
277 189
277 190
277 330
277 335
277 336
277 723
277 724
277 725
277 736
277 737
277 757
277 758
277 762
277 847
277 851
278 182
278 189
278 330
278 331
278 336
278 726
278 727
278 728
278 729
278 730
278 757
278 761
278 762
278 846
278 847
278 851
279 181
279 182
279 188
279 189
279 331
279 332
279 336
279 337
279 731
279 732
279 733
279 735
279 736
279 737
279 756
279 757
279 761
279 846
279 851
280 181
280 188
280 332
280 337
280 734
280 756
280 760
280 761
280 845
280 846
280 850
281 180
281 181
281 187
281 332
281 337
281 338
281 755
281 760
281 845
281 850
282 179
282 180
282 187
282 332
282 333
282 338
282 755
282 759
282 760
282 844
282 845
282 849
283 179
283 186
283 187
283 333
283 334
283 338
283 339
283 755
283 759
283 843
283 844
283 849
284 178
284 179
284 186
284 334
284 339
284 754
284 759
284 842
284 843
284 848
285 178
285 186
285 334
285 335
285 339
285 340
285 754
285 758
285 841
285 842
285 847
285 848
286 177
286 178
286 185
286 335
286 340
286 754
286 758
286 840
286 841
286 847
287 177
287 184
287 185
287 335
287 341
287 753
287 758
287 839
287 840
287 846
287 847
288 177
288 184
288 336
288 341
288 342
288 753
288 757
288 838
288 839
288 845
288 846
289 176
289 183
289 184
289 336
289 342
289 753
289 757
289 837
289 838
289 844
289 845
290 176
290 183
290 336
290 337
290 342
290 752
290 757
290 836
290 837
290 843
290 844
291 176
291 183
291 337
291 338
291 342
291 343
291 752
291 756
291 834
291 835
291 836
291 842
291 843
292 175
292 182
292 183
292 338
292 343
292 344
292 752
292 756
292 832
292 833
292 841
292 842
293 175
293 181
293 182
293 338
293 339
293 344
293 752
293 756
293 830
293 831
293 832
293 839
293 840
293 841
294 174
294 181
294 339
294 344
294 345
294 752
294 756
294 829
294 830
294 838
294 839
295 174
295 180
295 181
295 339
295 340
295 345
295 752
295 756
295 827
295 828
295 829
295 836
295 837
295 838
296 173
296 174
296 180
296 340
296 345
296 346
296 752
296 756
296 826
296 827
296 835
296 836
297 172
297 173
297 179
297 180
297 340
297 341
297 346
297 752
297 756
297 823
297 824
297 825
297 826
297 833
297 834
297 835
298 172
298 179
298 341
298 346
298 347
298 752
298 756
298 821
298 822
298 823
298 831
298 832
298 833
299 171
299 172
299 179
299 341
299 342
299 347
299 752
299 756
299 820
299 821
299 829
299 830
299 831
300 171
300 178
300 179
300 342
300 347
300 348
300 752
300 756
300 817
300 818
300 819
300 820
300 828
300 829
301 170
301 171
301 178
301 342
301 343
301 348
301 349
301 752
301 756
301 815
301 816
301 817
301 826
301 827
301 828
302 170
302 177
302 178
302 343
302 349
302 752
302 756
302 812
302 813
302 814
302 823
302 824
302 825
302 826
303 169
303 170
303 177
303 343
303 344
303 349
303 350
303 752
303 756
303 809
303 810
303 811
303 821
303 822
303 823
304 169
304 176
304 177
304 344
304 350
304 752
304 756
304 807
304 808
304 809
304 820
304 821
305 168
305 169
305 176
305 344
305 345
305 350
305 351
305 752
305 757
305 805
305 806
305 807
305 817
305 818
305 819
306 168
306 175
306 176
306 345
306 351
306 753
306 757
306 758
306 802
306 803
306 804
306 805
306 814
306 815
306 816
307 167
307 168
307 175
307 345
307 346
307 351
307 352
307 753
307 754
307 758
307 799
307 800
307 801
307 812
307 813
308 167
308 174
308 175
308 346
308 352
308 754
308 758
308 759
308 796
308 797
308 798
308 809
308 810
308 811
309 167
309 174
309 346
309 347
309 352
309 353
309 754
309 755
309 759
309 760
309 792
309 793
309 794
309 795
309 796
309 807
309 808
310 166
310 173
310 174
310 347
310 353
310 755
310 756
310 760
310 761
310 762
310 788
310 789
310 790
310 791
310 804
310 805
310 806
311 166
311 173
311 347
311 348
311 353
311 354
311 756
311 757
311 763
311 764
311 765
311 766
311 781
311 782
311 783
311 784
311 785
311 786
311 787
311 801
311 802
311 803
312 165
312 172
312 173
312 348
312 354
312 757
312 758
312 767
312 768
312 769
312 770
312 771
312 772
312 773
312 774
312 775
312 776
312 777
312 778
312 779
312 780
312 798
312 799
312 800
313 165
313 172
313 348
313 349
313 354
313 355
313 758
313 759
313 760
313 793
313 794
313 795
313 796
313 797
314 164
314 165
314 172
314 349
314 350
314 355
314 760
314 761
314 762
314 789
314 790
314 791
314 792
315 164
315 171
315 350
315 355
315 762
315 763
315 764
315 765
315 784
315 785
315 786
315 787
315 788
316 164
316 171
316 350
316 351
316 356
316 766
316 767
316 768
316 769
316 770
316 771
316 772
316 773
316 774
316 775
316 776
316 777
316 778
316 779
316 780
316 781
316 782
316 783
317 163
317 164
317 170
317 171
317 351
317 352
317 357
318 162
318 163
318 170
318 352
318 357
319 162
319 169
319 170
319 352
319 353
319 357
320 161
320 162
320 169
320 353
320 357
320 358
321 161
321 168
321 169
321 353
321 354
321 358
322 161
322 168
322 354
322 358
322 359
323 160
323 167
323 354
323 355
323 359
324 160
324 167
324 355
324 359
324 360
325 159
325 166
325 167
325 356
325 360
326 159
326 166
326 356
326 360
326 361
327 159
327 165
327 166
327 356
327 361
327 362
328 158
328 165
328 357
328 362
329 158
329 165
329 357
329 358
329 362
330 157
330 158
330 164
330 358
330 359
330 363
331 157
331 164
331 359
331 364
331 713
331 714
331 715
332 156
332 157
332 163
332 359
332 360
332 364
332 710
332 711
332 712
332 719
332 720
333 156
333 163
333 360
333 364
333 365
333 707
333 708
333 709
333 718
333 719
334 155
334 156
334 162
334 163
334 360
334 361
334 365
334 366
334 702
334 703
334 704
334 705
334 706
334 716
334 717
335 155
335 162
335 361
335 362
335 366
335 698
335 699
335 700
335 701
335 714
335 715
335 716
336 154
336 161
336 162
336 362
336 366
336 367
336 693
336 694
336 695
336 696
336 697
336 710
336 711
336 712
336 713
337 154
337 161
337 362
337 363
337 367
337 688
337 689
337 690
337 691
337 692
337 708
337 709
337 710
338 153
338 161
338 363
338 364
338 367
338 368
338 682
338 683
338 684
338 685
338 686
338 687
338 703
338 704
338 705
338 706
338 707
339 153
339 160
339 364
339 368
339 677
339 678
339 679
339 680
339 681
339 699
339 700
339 701
339 702
340 153
340 160
340 364
340 368
340 671
340 672
340 673
340 674
340 675
340 676
340 695
340 696
340 697
340 698
341 152
341 159
341 364
341 365
341 369
341 370
341 666
341 667
341 668
341 669
341 670
341 690
341 691
341 692
341 693
341 694
342 152
342 159
342 365
342 366
342 368
342 370
342 660
342 661
342 662
342 663
342 664
342 665
342 684
342 685
342 686
342 687
342 688
342 689
343 151
343 152
343 159
343 366
343 367
343 370
343 656
343 657
343 658
343 659
343 678
343 679
343 680
343 681
343 682
343 683
344 150
344 151
344 158
344 159
344 367
344 652
344 653
344 654
344 655
344 673
344 674
344 675
344 676
344 677
345 150
345 158
345 367
345 646
345 647
345 648
345 649
345 650
345 651
345 668
345 669
345 670
345 671
345 672
346 149
346 150
346 157
346 642
346 643
346 644
346 645
346 662
346 663
346 664
346 665
346 666
346 667
347 148
347 149
347 157
347 637
347 638
347 639
347 640
347 641
347 658
347 659
347 660
347 661
348 148
348 156
348 633
348 634
348 635
348 636
348 653
348 654
348 655
348 656
348 657
349 148
349 156
349 629
349 630
349 631
349 632
349 648
349 649
349 650
349 651
349 652
350 147
350 148
350 155
350 156
350 624
350 625
350 626
350 627
350 628
350 643
350 644
350 645
350 646
350 647
351 147
351 155
351 621
351 622
351 623
351 638
351 639
351 640
351 641
351 642
352 146
352 147
352 154
352 155
352 617
352 618
352 619
352 620
352 635
352 636
352 637
353 146
353 154
353 614
353 615
353 616
353 630
353 631
353 632
353 633
353 634
354 146
354 154
354 609
354 610
354 611
354 612
354 613
354 626
354 627
354 628
354 629
355 145
355 146
355 153
355 154
355 606
355 607
355 608
355 622
355 623
355 624
355 625
356 145
356 152
356 153
356 602
356 603
356 604
356 605
356 619
356 620
356 621
357 145
357 152
357 599
357 600
357 601
357 615
357 616
357 617
357 618
358 144
358 151
358 152
358 595
358 596
358 597
358 598
358 611
358 612
358 613
358 614
359 144
359 151
359 592
359 593
359 594
359 607
359 608
359 609
359 610
360 144
360 151
360 589
360 590
360 591
360 604
360 605
360 606
361 143
361 150
361 151
361 586
361 587
361 588
361 600
361 601
361 602
361 603
362 143
362 150
362 582
362 583
362 584
362 585
362 597
362 598
362 599
363 143
363 150
363 579
363 580
363 581
363 594
363 595
363 596
364 142
364 149
364 150
364 576
364 577
364 578
364 590
364 591
364 592
364 593
365 142
365 148
365 149
365 572
365 573
365 574
365 575
365 587
365 588
365 589
366 141
366 142
366 148
366 570
366 571
366 572
366 584
366 585
366 586
367 140
367 141
367 148
367 567
367 568
367 569
367 581
367 582
367 583
368 140
368 147
368 564
368 565
368 566
368 577
368 578
368 579
368 580
369 139
369 140
369 147
369 561
369 562
369 563
369 574
369 575
369 576
370 139
370 146
370 558
370 559
370 560
370 571
370 572
370 573
371 138
371 146
371 556
371 557
371 568
371 569
371 570
372 138
372 146
372 553
372 554
372 555
372 565
372 566
372 567
373 138
373 145
373 146
373 550
373 551
373 552
373 563
373 564
374 138
374 145
374 547
374 548
374 549
374 560
374 561
374 562
375 137
375 144
375 145
375 545
375 546
375 557
375 558
375 559
375 560
376 137
376 144
376 542
376 543
376 544
376 553
376 554
376 555
376 556
377 137
377 143
377 144
377 539
377 540
377 541
377 551
377 552
377 553
378 136
378 143
378 537
378 538
378 539
378 548
378 549
378 550
379 136
379 143
379 535
379 536
379 545
379 546
379 547
380 136
380 142
380 143
380 532
380 533
380 534
380 543
380 544
381 136
381 142
381 529
381 530
381 531
381 541
381 542
381 543
382 135
382 141
382 142
382 527
382 528
382 529
382 538
382 539
382 540
383 135
383 141
383 525
383 526
383 527
383 536
383 537
383 538
384 134
384 135
384 141
384 523
384 524
384 525
384 533
384 534
384 535
385 134
385 140
385 520
385 521
385 522
385 531
385 532
386 133
386 134
386 140
386 517
386 518
386 519
386 529
386 530
387 133
387 139
387 515
387 516
387 517
387 526
387 527
387 528
388 132
388 133
388 139
388 513
388 514
388 515
388 523
388 524
388 525
389 132
389 138
389 139
389 511
389 512
389 513
389 521
389 522
389 523
390 131
390 132
390 138
390 509
390 510
390 519
390 520
391 131
391 137
391 138
391 507
391 508
391 516
391 517
391 518
392 131
392 137
392 505
392 506
392 507
392 514
392 515
392 516
393 130
393 136
393 137
393 503
393 504
393 505
393 511
393 512
393 513
393 514
394 130
394 136
394 501
394 502
394 503
394 510
394 511
395 129
395 135
395 136
395 498
395 499
395 500
395 508
395 509
395 510
396 129
396 134
396 135
396 497
396 498
396 506
396 507
396 508
397 129
397 133
397 134
397 495
397 496
397 497
397 503
397 504
397 505
398 129
398 133
398 493
398 494
398 501
398 502
398 503
399 129
399 130
399 132
399 133
399 490
399 491
399 492
399 493
399 499
399 500
399 501
400 131
400 132
400 488
400 489
400 490
400 498
400 499
401 487
401 488
401 496
401 497
401 498
402 485
402 486
402 487
402 494
402 495
403 482
403 483
403 484
403 485
403 492
403 493
404 481
404 482
404 490
404 491
404 492
405 479
405 480
405 481
405 488
405 489
405 490
406 393
406 394
406 395
406 396
406 397
406 398
406 399
406 400
406 401
406 402
406 403
406 404
406 405
406 406
406 478
406 479
406 486
406 487
407 407
407 408
407 409
407 410
407 477
407 478
407 484
407 485
408 411
408 412
408 413
408 414
408 482
408 483
409 414
409 415
409 416
409 478
409 479
409 480
409 481
409 482
410 393
410 394
410 395
410 396
410 397
410 398
410 399
410 400
410 401
410 402
410 403
410 404
410 405
410 416
410 417
410 418
411 405
411 406
411 407
411 408
411 418
411 419
411 420
412 409
412 410
412 411
412 421
412 422
412 423
413 412
413 413
413 414
413 424
413 425
414 415
414 416
414 417
414 426
414 427
414 428
415 418
415 419
415 420
415 428
415 429
416 420
416 421
416 422
416 429
416 430
416 431
417 422
417 423
417 424
417 431
417 432
417 433
418 424
418 425
418 426
418 433
418 434
419 426
419 427
419 428
419 434
419 435
419 436
420 428
420 429
420 436
420 437
421 429
421 430
421 431
421 437
421 438
421 439
422 414
422 415
422 416
422 417
422 431
422 432
422 433
422 439
422 440
423 409
423 410
423 411
423 412
423 413
423 418
423 419
423 420
423 433
423 434
423 440
423 441
423 442
424 98
424 99
424 100
424 101
424 102
424 103
424 405
424 406
424 407
424 408
424 420
424 421
424 422
424 435
424 436
424 442
424 443
425 95
425 96
425 97
425 102
425 103
425 107
425 403
425 404
425 405
425 422
425 423
425 436
425 437
425 438
425 443
425 444
426 92
426 93
426 94
426 105
426 106
426 107
426 401
426 402
426 403
426 423
426 438
426 439
426 444
426 445
427 89
427 90
427 91
427 103
427 104
427 105
427 399
427 400
427 401
427 410
427 411
427 412
427 413
427 414
427 415
427 416
427 417
427 418
427 439
427 440
427 445
427 446
428 86
428 87
428 88
428 99
428 100
428 101
428 102
428 103
428 398
428 399
428 407
428 408
428 409
428 419
428 420
428 421
428 422
428 423
428 440
428 441
428 446
428 447
429 83
429 84
429 85
429 98
429 99
429 103
429 396
429 397
429 398
429 404
429 405
429 406
429 407
429 441
429 442
429 447
429 448
430 81
430 82
430 83
430 102
430 103
430 104
430 395
430 396
430 402
430 403
430 404
430 442
430 443
430 448
430 449
431 79
431 80
431 81
431 92
431 93
431 94
431 95
431 96
431 97
431 104
431 105
431 106
431 394
431 395
431 400
431 401
431 402
431 443
431 444
431 449
432 77
432 78
432 79
432 89
432 90
432 91
432 98
432 106
432 107
432 108
432 393
432 394
432 399
432 400
432 444
432 445
432 449
432 450
433 75
433 76
433 77
433 86
433 87
433 88
433 99
433 100
433 101
433 108
433 109
433 391
433 392
433 393
433 397
433 398
433 399
433 445
433 446
433 450
433 451
434 71
434 72
434 73
434 74
434 84
434 85
434 86
434 101
434 102
434 103
434 109
434 110
434 111
434 390
434 391
434 396
434 397
434 446
434 447
434 451
434 452
435 70
435 71
435 81
435 82
435 83
435 103
435 104
435 105
435 111
435 112
435 389
435 390
435 395
435 396
435 447
435 448
435 452
435 453
436 68
436 69
436 70
436 79
436 80
436 81
436 105
436 106
436 107
436 112
436 113
436 114
436 388
436 389
436 394
436 395
436 448
436 449
436 453
436 454
437 67
437 68
437 77
437 78
437 79
437 107
437 108
437 114
437 115
437 388
437 393
437 394
437 449
437 450
437 454
437 455
438 65
438 66
438 67
438 75
438 76
438 77
438 108
438 109
438 110
438 115
438 116
438 386
438 387
438 388
438 392
438 393
438 450
438 451
438 455
438 456
439 64
439 65
439 73
439 74
439 75
439 110
439 111
439 116
439 117
439 118
439 386
439 391
439 392
439 451
439 452
439 456
439 457
440 62
440 63
440 64
440 71
440 72
440 73
440 111
440 112
440 113
440 118
440 119
440 385
440 386
440 390
440 391
440 452
440 453
440 457
440 458
441 61
441 62
441 70
441 71
441 113
441 114
441 119
441 384
441 385
441 389
441 390
441 453
441 454
441 458
441 459
442 59
442 60
442 61
442 69
442 70
442 114
442 115
442 119
442 120
442 121
442 383
442 384
442 388
442 389
442 454
442 455
442 459
442 460
443 58
443 59
443 67
443 68
443 69
443 115
443 116
443 121
443 383
443 387
443 388
443 455
443 456
443 460
444 57
444 58
444 65
444 66
444 67
444 116
444 117
444 121
444 122
444 382
444 383
444 387
444 456
444 460
444 461
445 56
445 57
445 64
445 65
445 117
445 118
445 122
445 123
445 381
445 382
445 386
445 387
445 457
445 459
445 461
445 462
446 55
446 56
446 63
446 64
446 118
446 119
446 123
446 124
446 381
446 385
446 386
446 458
446 462
446 463
447 53
447 54
447 55
447 62
447 63
447 119
447 120
447 124
447 125
447 380
447 381
447 384
447 385
447 458
447 463
448 52
448 53
448 61
448 62
448 120
448 121
448 125
448 379
448 380
448 384
448 459
448 463
449 51
449 52
449 59
449 60
449 121
449 125
449 126
449 379
449 383
449 384
449 459
449 463
450 50
450 51
450 58
450 59
450 121
450 122
450 126
450 127
450 378
450 379
450 383
450 459
450 464
451 50
451 57
451 58
451 122
451 123
451 127
451 377
451 378
451 382
451 383
451 459
451 464
452 49
452 50
452 56
452 57
452 123
452 127
452 377
452 381
452 382
452 460
452 464
453 48
453 49
453 56
453 123
453 128
453 376
453 377
453 381
453 460
453 464
454 47
454 48
454 55
454 56
454 123
454 124
454 128
454 376
454 380
454 381
454 460
454 464
455 47
455 54
455 55
455 124
455 129
455 375
455 376
455 380
455 460
455 464
456 46
456 47
456 53
456 54
456 125
456 129
456 375
456 380
456 459
456 464
457 45
457 46
457 52
457 53
457 125
457 129
457 375
457 379
457 459
457 463
458 45
458 51
458 52
458 125
458 130
458 374
458 379
458 459
458 463
459 44
459 45
459 51
459 126
459 130
459 374
459 378
459 459
459 463
460 44
460 50
460 51
460 126
460 130
460 374
460 378
460 458
460 462
460 463
461 43
461 44
461 49
461 50
461 126
461 130
461 373
461 378
461 457
461 458
461 462
462 43
462 49
462 126
462 131
462 373
462 377
462 457
462 461
462 462
463 43
463 48
463 49
463 126
463 131
463 373
463 377
463 457
463 460
463 461
464 43
464 48
464 127
464 131
464 372
464 377
464 456
464 460
465 42
465 47
465 48
465 127
465 131
465 372
465 376
465 455
465 456
465 459
465 460
466 42
466 47
466 127
466 131
466 372
466 376
466 454
466 455
466 459
467 42
467 47
467 127
467 131
467 372
467 376
467 454
467 458
467 459
468 42
468 46
468 127
468 131
468 371
468 376
468 453
468 454
468 458
469 42
469 46
469 127
469 131
469 371
469 375
469 452
469 453
469 457
469 458
470 41
470 46
470 127
470 131
470 371
470 375
470 451
470 452
470 456
470 457
471 41
471 46
471 127
471 131
471 371
471 375
471 450
471 451
471 455
471 456
472 41
472 46
472 127
472 131
472 371
472 375
472 450
472 454
472 455
473 41
473 46
473 127
473 131
473 166
473 167
473 168
473 169
473 170
473 171
473 172
473 173
473 174
473 175
473 176
473 177
473 178
473 179
473 180
473 181
473 371
473 375
473 449
473 450
473 454
474 41
474 46
474 127
474 131
474 165
474 182
474 183
474 184
474 185
474 186
474 187
474 188
474 189
474 190
474 191
474 192
474 193
474 194
474 371
474 375
474 447
474 448
474 449
474 453
474 454
475 41
475 46
475 127
475 131
475 165
475 195
475 196
475 197
475 198
475 199
475 200
475 201
475 202
475 203
475 204
475 205
475 206
475 207
475 208
475 209
475 210
475 211
475 212
475 213
475 214
475 215
475 216
475 217
475 218
475 219
475 224
475 225
475 226
475 227
475 228
475 371
475 375
475 446
475 447
475 452
475 453
476 42
476 46
476 127
476 131
476 165
476 166
476 220
476 221
476 222
476 223
476 229
476 230
476 231
476 232
476 233
476 234
476 235
476 236
476 237
476 238
476 239
476 240
476 241
476 242
476 243
476 244
476 245
476 246
476 247
476 248
476 249
476 250
476 251
476 252
476 253
476 254
476 255
476 256
476 257
476 258
476 259
476 260
476 261
476 262
476 263
476 371
476 375
476 445
476 446
476 451
476 452
477 42
477 46
477 127
477 131
477 166
477 167
477 168
477 169
477 170
477 171
477 172
477 173
477 174
477 264
477 265
477 266
477 267
477 268
477 269
477 270
477 271
477 272
477 273
477 274
477 275
477 276
477 277
477 278
477 279
477 300
477 301
477 302
477 371
477 375
477 444
477 445
477 450
477 451
478 42
478 46
478 126
478 131
478 175
478 176
478 177
478 178
478 179
478 180
478 181
478 182
478 183
478 184
478 185
478 186
478 187
478 188
478 189
478 280
478 281
478 282
478 283
478 284
478 285
478 286
478 287
478 288
478 289
478 290
478 291
478 292
478 293
478 294
478 295
478 296
478 297
478 298
478 299
478 303
478 304
478 305
478 306
478 307
478 308
478 309
478 310
478 371
478 375
478 442
478 443
478 444
478 449
478 450
479 42
479 46
479 126
479 131
479 190
479 191
479 192
479 193
479 194
479 195
479 196
479 197
479 198
479 199
479 200
479 201
479 202
479 203
479 204
479 205
479 206
479 207
479 208
479 209
479 210
479 310
479 311
479 371
479 375
479 441
479 442
479 447
479 448
479 449
480 42
480 47
480 126
480 131
480 211
480 212
480 213
480 214
480 215
480 216
480 217
480 218
480 219
480 220
480 221
480 222
480 223
480 224
480 225
480 226
480 227
480 228
480 229
480 230
480 231
480 232
480 233
480 234
480 235
480 236
480 237
480 238
480 239
480 240
480 241
480 242
480 243
480 244
480 245
480 246
480 247
480 248
480 249
480 250
480 371
480 376
480 440
480 441
480 446
480 447
481 42
481 47
481 126
481 130
481 251
481 252
481 253
481 254
481 255
481 256
481 257
481 258
481 259
481 260
481 261
481 262
481 263
481 264
481 265
481 266
481 267
481 268
481 269
481 270
481 309
481 310
481 372
481 376
481 438
481 439
481 440
481 445
481 446
482 43
482 47
482 126
482 130
482 271
482 272
482 273
482 274
482 275
482 276
482 277
482 278
482 279
482 280
482 281
482 282
482 283
482 284
482 285
482 286
482 287
482 288
482 289
482 290
482 291
482 292
482 293
482 294
482 295
482 296
482 297
482 298
482 299
482 300
482 301
482 302
482 303
482 304
482 305
482 306
482 307
482 308
482 309
482 372
482 376
482 377
482 437
482 438
482 444
482 445
483 43
483 47
483 126
483 130
483 372
483 373
483 377
483 434
483 435
483 436
483 442
483 443
484 43
484 48
484 125
484 130
484 373
484 377
484 378
484 432
484 433
484 434
484 440
484 441
484 442
485 44
485 48
485 125
485 129
485 373
485 374
485 378
485 379
485 431
485 432
485 439
485 440
486 44
486 49
486 125
486 129
486 374
486 375
486 379
486 380
486 428
486 429
486 430
486 437
486 438
486 439
487 44
487 49
487 124
487 129
487 375
487 380
487 381
487 426
487 427
487 435
487 436
487 437
488 44
488 45
488 49
488 124
488 129
488 375
488 376
488 381
488 382
488 423
488 424
488 425
488 433
488 434
488 435
489 45
489 50
489 124
489 128
489 376
489 377
489 382
489 383
489 384
489 385
489 420
489 421
489 422
489 431
489 432
489 433
490 45
490 46
490 50
490 123
490 128
490 377
490 378
490 385
490 386
490 387
490 416
490 417
490 418
490 419
490 429
490 430
490 431
491 46
491 50
491 51
491 123
491 128
491 378
491 379
491 380
491 388
491 389
491 390
491 412
491 413
491 414
491 415
491 426
491 427
491 428
492 46
492 51
492 122
492 123
492 127
492 380
492 381
492 391
492 392
492 393
492 394
492 395
492 396
492 397
492 398
492 399
492 400
492 401
492 402
492 403
492 404
492 405
492 406
492 407
492 408
492 409
492 410
492 411
492 424
492 425
492 426
493 47
493 51
493 52
493 122
493 127
493 381
493 382
493 383
493 421
493 422
493 423
494 47
494 52
494 121
494 122
494 127
494 384
494 385
494 386
494 417
494 418
494 419
494 420
495 48
495 52
495 121
495 126
495 387
495 388
495 389
495 414
495 415
495 416
496 48
496 52
496 53
496 120
496 121
496 126
496 390
496 391
496 392
496 393
496 394
496 405
496 406
496 407
496 408
496 409
496 410
496 411
496 412
496 413
497 48
497 49
497 53
497 120
497 125
497 126
497 395
497 396
497 397
497 398
497 399
497 400
497 401
497 402
497 403
497 404
498 49
498 53
498 54
498 120
498 125
499 49
499 50
499 54
499 55
499 119
499 124
499 125
500 50
500 55
500 120
500 124
501 50
501 51
501 55
501 56
501 120
501 121
501 123
501 124
502 51
502 52
502 56
502 122
502 123
503 52
503 56
503 57
504 52
504 53
504 57
504 58
505 53
505 58
505 116
506 53
506 54
506 58
506 59
506 115
506 116
506 117
506 118
506 119
507 54
507 55
507 59
507 60
507 114
507 115
507 119
508 55
508 56
508 60
508 113
508 114
508 120
509 56
509 60
509 61
509 112
509 113
509 119
510 56
510 57
510 61
510 62
510 111
510 112
510 119
511 57
511 58
511 62
511 63
511 111
511 118
511 119
512 58
512 63
512 64
512 110
512 111
512 117
512 118
513 58
513 59
513 64
513 65
513 109
513 110
513 116
513 117
514 59
514 60
514 65
514 66
514 108
514 109
514 116
515 60
515 61
515 66
515 67
515 107
515 108
515 115
515 116
516 61
516 62
516 67
516 68
516 106
516 107
516 114
516 115
517 62
517 63
517 68
517 69
517 105
517 106
517 113
517 114
518 63
518 64
518 69
518 70
518 104
518 105
518 112
518 113
519 64
519 65
519 70
519 71
519 103
519 104
519 111
519 112
520 65
520 66
520 71
520 72
520 73
520 101
520 102
520 103
520 110
520 111
521 66
521 67
521 68
521 73
521 74
521 100
521 101
521 109
521 110
522 68
522 69
522 74
522 75
522 76
522 98
522 99
522 100
522 108
522 109
523 69
523 70
523 76
523 77
523 78
523 79
523 96
523 97
523 98
523 107
523 108
524 70
524 71
524 72
524 79
524 80
524 81
524 82
524 83
524 93
524 94
524 95
524 96
524 105
524 106
524 107
525 72
525 73
525 86
525 89
525 90
525 91
525 92
525 93
525 104
525 105
526 73
526 74
526 75
526 86
526 87
526 88
526 89
526 102
526 103
526 104
527 76
527 77
527 78
527 79
527 89
527 100
527 101
527 102
528 80
528 81
528 87
528 88
528 89
528 97
528 98
528 99
528 832
528 833
529 83
529 84
529 85
529 86
529 87
529 88
529 89
529 90
529 91
529 92
529 93
529 94
529 95
529 96
529 831
529 832
529 834
529 835
530 831
530 835
531 830
531 831
531 835
532 829
532 830
532 834
532 835
533 828
533 829
533 833
533 834
534 827
534 828
534 832
534 833
535 827
535 832
536 826
536 827
536 831
536 832
537 825
537 826
537 830
537 831
538 824
538 825
538 829
538 830
539 823
539 824
539 828
539 829
540 822
540 823
540 828
541 821
541 822
541 827
541 828
542 820
542 821
542 826
542 827
543 819
543 820
543 825
543 826
544 819
544 824
544 825
545 818
545 819
545 823
545 824
546 817
546 818
546 822
546 823
547 816
547 817
547 821
547 822
548 814
548 815
548 816
548 820
548 821
549 814
549 819
549 820
550 813
550 814
550 818
550 819
551 811
551 812
551 817
551 818
552 810
552 811
552 816
552 817
553 809
553 810
553 815
553 816
554 810
554 814
554 815
555 810
555 813
555 814
556 810
556 811
556 812
556 813
